p cnf 1760 820
-1 0
-2 0
-3 0
-4 0
-5 0
-6 0
-7 0
-8 0
-9 0
-10 0
-11 0
-12 0
-13 0
-14 0
-15 0
-16 0
-17 0
-18 0
-19 0
-20 0
-21 0
-22 0
-23 0
-24 0
-32 0
-33 0
-34 0
-35 0
-43 0
-44 0
-45 0
-46 0
-54 0
-55 0
-56 0
-57 0
-65 0
-66 0
-67 0
-68 0
-76 0
-77 0
-78 0
-79 0
-87 0
-88 0
-89 0
-90 0
-98 0
-99 0
-100 0
-101 0
-109 0
-110 0
-111 0
-112 0
-120 0
-121 0
-122 0
-123 0
-131 0
-132 0
-133 0
-134 0
-142 0
-143 0
-144 0
-145 0
-153 0
-154 0
-155 0
-156 0
-157 0
-158 0
-159 0
-160 0
-161 0
-162 0
-163 0
-164 0
-165 0
-166 0
-167 0
-168 0
-169 0
-170 0
-171 0
-172 0
-173 0
-174 0
-175 0
-176 0
-177 0
-178 0
-179 0
-180 0
-181 0
-182 0
-183 0
-184 0
-185 0
-186 0
-187 0
-188 0
-189 0
-190 0
-191 0
-192 0
-193 0
-194 0
-195 0
-196 0
-197 0
-198 0
-199 0
-200 0
-208 0
-209 0
-210 0
-211 0
-219 0
-220 0
-221 0
-222 0
-230 0
-231 0
-232 0
-233 0
-241 0
-242 0
-243 0
-244 0
-252 0
-253 0
-254 0
-255 0
-263 0
-264 0
-265 0
-266 0
-274 0
-275 0
-276 0
-277 0
-285 0
-286 0
-287 0
-288 0
-296 0
-297 0
-298 0
-299 0
-307 0
-308 0
-309 0
-310 0
-318 0
-319 0
-320 0
-321 0
-329 0
-330 0
-331 0
-332 0
-333 0
-334 0
-335 0
-336 0
-337 0
-338 0
-339 0
-340 0
-341 0
-342 0
-343 0
-344 0
-345 0
-346 0
-347 0
-348 0
-349 0
-350 0
-351 0
-352 0
-353 0
-354 0
-355 0
-356 0
-357 0
-358 0
-359 0
-360 0
-361 0
-362 0
-363 0
-364 0
-365 0
-366 0
-367 0
-368 0
-369 0
-370 0
-371 0
-372 0
-373 0
-374 0
-375 0
-376 0
-384 0
-385 0
-386 0
-387 0
-395 0
-396 0
-397 0
-398 0
-406 0
-407 0
-408 0
-409 0
-417 0
-418 0
-419 0
-420 0
-428 0
-429 0
-430 0
-431 0
-439 0
-440 0
-441 0
-442 0
-450 0
-451 0
-452 0
-453 0
-461 0
-462 0
-463 0
-464 0
-472 0
-473 0
-474 0
-475 0
-483 0
-484 0
-485 0
-486 0
-494 0
-495 0
-496 0
-497 0
-505 0
-506 0
-507 0
-508 0
-509 0
-510 0
-511 0
-512 0
-513 0
-514 0
-515 0
-516 0
-517 0
-518 0
-519 0
-520 0
-521 0
-522 0
-523 0
-524 0
-525 0
-526 0
-527 0
-528 0
-529 0
-530 0
-531 0
-532 0
-533 0
-534 0
-535 0
-536 0
-537 0
-538 0
-539 0
-540 0
-541 0
-542 0
-543 0
-544 0
-545 0
-546 0
-547 0
-548 0
-549 0
-550 0
-551 0
-552 0
-560 0
-561 0
-562 0
-563 0
-571 0
-572 0
-573 0
-574 0
-582 0
-583 0
-584 0
-585 0
-593 0
-594 0
-595 0
-596 0
-604 0
-605 0
-606 0
-607 0
-615 0
-616 0
-617 0
-618 0
-626 0
-627 0
-628 0
-629 0
-637 0
-638 0
-639 0
-640 0
-648 0
-649 0
-650 0
-651 0
-659 0
-660 0
-661 0
-662 0
-670 0
-671 0
-672 0
-673 0
-681 0
-682 0
-683 0
-684 0
-685 0
-686 0
-687 0
-688 0
-689 0
-690 0
-691 0
-692 0
-693 0
-694 0
-695 0
-696 0
-697 0
-698 0
-699 0
-700 0
-701 0
-702 0
-703 0
-704 0
-705 0
-706 0
-707 0
-708 0
-709 0
-710 0
-711 0
-712 0
-713 0
-714 0
-715 0
-716 0
-717 0
-718 0
-719 0
-720 0
-721 0
-722 0
-723 0
-724 0
-725 0
-726 0
-727 0
-728 0
-736 0
-737 0
-738 0
-739 0
-747 0
-748 0
-749 0
-750 0
-758 0
-759 0
-760 0
-761 0
-769 0
-770 0
-771 0
-772 0
-780 0
-781 0
-782 0
-783 0
-791 0
-792 0
-793 0
-794 0
-802 0
-803 0
-804 0
-805 0
-813 0
-814 0
-815 0
-816 0
-824 0
-825 0
-826 0
-827 0
-835 0
-836 0
-837 0
-838 0
-846 0
-847 0
-848 0
-849 0
-857 0
-858 0
-859 0
-860 0
-861 0
-862 0
-863 0
-864 0
-865 0
-866 0
-867 0
-868 0
-869 0
-870 0
-871 0
-872 0
-873 0
-874 0
-875 0
-876 0
-877 0
-878 0
-879 0
-880 0
-881 0
-882 0
-883 0
-884 0
-885 0
-886 0
-887 0
-888 0
-889 0
-890 0
-891 0
-892 0
-893 0
-894 0
-895 0
-896 0
-897 0
-898 0
-899 0
-900 0
-901 0
-902 0
-903 0
-904 0
-912 0
-913 0
-914 0
-915 0
-923 0
-924 0
-925 0
-926 0
-934 0
-935 0
-936 0
-937 0
-945 0
-946 0
-947 0
-948 0
-956 0
-957 0
-958 0
-959 0
-967 0
-968 0
-969 0
-970 0
-978 0
-979 0
-980 0
-981 0
-989 0
-990 0
-991 0
-992 0
-1000 0
-1001 0
-1002 0
-1003 0
-1011 0
-1012 0
-1013 0
-1014 0
-1022 0
-1023 0
-1024 0
-1025 0
-1033 0
-1034 0
-1035 0
-1036 0
-1037 0
-1038 0
-1039 0
-1040 0
-1041 0
-1042 0
-1043 0
-1044 0
-1045 0
-1046 0
-1047 0
-1048 0
-1049 0
-1050 0
-1051 0
-1052 0
-1053 0
-1054 0
-1055 0
-1056 0
-1233 0
-1234 0
-1235 0
-1236 0
-1237 0
-1238 0
-1239 0
-1240 0
-1241 0
-1242 0
-1243 0
-1244 0
-1245 0
-1246 0
-1247 0
-1248 0
-1249 0
-1250 0
-1251 0
-1252 0
-1253 0
-1254 0
-1255 0
-1256 0
-1264 0
-1265 0
-1266 0
-1267 0
-1275 0
-1276 0
-1277 0
-1278 0
-1286 0
-1287 0
-1288 0
-1289 0
-1297 0
-1298 0
-1299 0
-1300 0
-1308 0
-1309 0
-1310 0
-1311 0
-1319 0
-1320 0
-1321 0
-1322 0
-1330 0
-1331 0
-1332 0
-1333 0
-1341 0
-1342 0
-1343 0
-1344 0
-1352 0
-1353 0
-1354 0
-1355 0
-1363 0
-1364 0
-1365 0
-1366 0
-1374 0
-1375 0
-1376 0
-1377 0
-1385 0
-1386 0
-1387 0
-1388 0
-1389 0
-1390 0
-1391 0
-1392 0
-1393 0
-1394 0
-1395 0
-1396 0
-1397 0
-1398 0
-1399 0
-1400 0
-1401 0
-1402 0
-1403 0
-1404 0
-1405 0
-1406 0
-1407 0
-1408 0
-1433 0
-1434 0
-1435 0
-1436 0
-1437 0
-1438 0
-1439 0
-1444 0
-1445 0
-1446 0
-1447 0
-1448 0
-1449 0
-1450 0
-1455 0
-1456 0
-1457 0
-1458 0
-1459 0
-1460 0
-1461 0
-1466 0
-1467 0
-1468 0
-1469 0
-1470 0
-1471 0
-1472 0
-1477 0
-1478 0
-1479 0
-1480 0
-1481 0
-1482 0
-1483 0
-1488 0
-1489 0
-1490 0
-1491 0
-1492 0
-1493 0
-1494 0
-1499 0
-1500 0
-1501 0
-1502 0
-1503 0
-1504 0
-1505 0
-1510 0
-1511 0
-1512 0
-1513 0
-1514 0
-1515 0
-1516 0
-1521 0
-1522 0
-1523 0
-1524 0
-1525 0
-1526 0
-1527 0
-1532 0
-1533 0
-1534 0
-1535 0
-1536 0
-1537 0
-1538 0
-1543 0
-1544 0
-1545 0
-1546 0
-1547 0
-1548 0
-1549 0
-1554 0
-1555 0
-1556 0
-1557 0
-1558 0
-1559 0
-1560 0
-1585 0
-1586 0
-1587 0
-1588 0
-1589 0
-1590 0
-1591 0
-1592 0
-1593 0
-1594 0
-1595 0
-1596 0
-1597 0
-1598 0
-1599 0
-1600 0
-1601 0
-1602 0
-1603 0
-1604 0
-1605 0
-1606 0
-1607 0
-1608 0
-1616 0
-1617 0
-1618 0
-1619 0
-1627 0
-1628 0
-1629 0
-1630 0
-1638 0
-1639 0
-1640 0
-1641 0
-1649 0
-1650 0
-1651 0
-1652 0
-1660 0
-1661 0
-1662 0
-1663 0
-1671 0
-1672 0
-1673 0
-1674 0
-1682 0
-1683 0
-1684 0
-1685 0
-1693 0
-1694 0
-1695 0
-1696 0
-1704 0
-1705 0
-1706 0
-1707 0
-1715 0
-1716 0
-1717 0
-1718 0
-1726 0
-1727 0
-1728 0
-1729 0
-1737 0
-1738 0
-1739 0
-1740 0
-1741 0
-1742 0
-1743 0
-1744 0
-1745 0
-1746 0
-1747 0
-1748 0
-1749 0
-1750 0
-1751 0
-1752 0
-1753 0
-1754 0
-1755 0
-1756 0
-1757 0
-1758 0
-1759 0
-1760 0
